Model Metrics
MAE: 2.7165179116385323
MSE: 11.029391739163838
EVS: 0.16204522804007726
