Model Metrics
MAE: 3.6445826666695726
MSE: 17.312110913821208
EVS: -0.29135162527514713
