Model Metrics
MAE: 2.641019466945103
MSE: 9.636444721927417
EVS: 0.023187985354450547
