Model Metrics
MAE: 3.4710939952305386
MSE: 18.772487086260377
EVS: 0.4263256690877978
