Model Metrics
MAE: 5.471381650652204
MSE: 39.49478424249838
EVS: -0.09829664730795962
