Model Metrics
MAE: 2.1325804574148997
MSE: 8.745881523481719
EVS: 0.3752435027946247
