Model Metrics
MAE: 2.091120038713728
MSE: 5.419811952606012
EVS: -0.018841701740120564
