Model Metrics
MAE: 2.0480661119733536
MSE: 5.851929550301742
EVS: -0.1698858845974094
