Model Metrics
MAE: 2.8098048687448434
MSE: 13.658433548089457
EVS: 0.7658825945107762
