Model Metrics
MAE: 2.3148189129376266
MSE: 10.164947031160393
EVS: 0.7998635217556772
