Model Metrics
MAE: 3.1630360194614955
MSE: 19.91807655809732
EVS: -0.024476028378639825
