Model Metrics
MAE: 4.851148618970599
MSE: 38.128630414906304
EVS: 0.2496419084720305
