Model Metrics
MAE: 2.52569877079555
MSE: 9.858603194376352
EVS: -0.3190431827517317
