Model Metrics
MAE: 2.3970257904643653
MSE: 10.616340110929013
EVS: 0.7970755878802722
