Model Metrics
MAE: 2.175509620605865
MSE: 9.958479573406118
EVS: 0.7993687915867705
