Model Metrics
MAE: 2.718902172408796
MSE: 12.993854886676447
EVS: 0.7846352552133955
