Model Metrics
MAE: 3.091852555956159
MSE: 18.521622848541956
EVS: -0.3705614197504359
