Model Metrics
MAE: 1.4428100313459125
MSE: 3.612158262214897
EVS: 0.01726127741301131
