Model Metrics
MAE: 3.5040280750819615
MSE: 25.162741575610017
EVS: 0.39981329206084615
