Model Metrics
MAE: 3.2099080766950334
MSE: 15.162319295529336
EVS: -0.10693268344347051
