Model Metrics
MAE: 5.955284091404506
MSE: 44.70919823041521
EVS: 0.005860615258246771
