Model Metrics
MAE: 2.9904967444283623
MSE: 12.87643382935273
EVS: 0.06282381261092673
