Model Metrics
MAE: 3.2682817595345632
MSE: 14.481981188338256
EVS: 0.20305260848977236
