Model Metrics
MAE: 4.743107087271554
MSE: 29.0338503099896
EVS: 0.31473405854372505
