Model Metrics
MAE: 2.705740329197475
MSE: 12.806658633627817
EVS: 0.1082392158554506
