Model Metrics
MAE: 4.794886888776507
MSE: 29.63243936021593
EVS: 0.05958477163980691
