Model Metrics
MAE: 3.2455817358834405
MSE: 16.00151771435888
EVS: 0.05449973737771063
