Model Metrics
MAE: 5.158906282697405
MSE: 34.37569201829247
EVS: -0.0069808496529475406
