Model Metrics
MAE: 4.542368725367955
MSE: 26.52122662265083
EVS: -0.037110919759159255
