Model Metrics
MAE: 3.8647382736206053
MSE: 20.334505894065842
EVS: 0.06710487736126136
