Model Metrics
MAE: 5.515457834516253
MSE: 37.4853916723957
EVS: 0.06194789429981218
