Model Metrics
MAE: 5.10965941292899
MSE: 33.37600680918206
EVS: 0.07935695679318167
