Model Metrics
MAE: 7.202727249690464
MSE: 62.308297106392615
EVS: 0.08084408810933319
