Model Metrics
MAE: 5.649906812395368
MSE: 40.04273709282066
EVS: -0.025520798429477187
