Model Metrics
MAE: 4.54095208304269
MSE: 27.141578982929317
EVS: 0.09574576411098656
