Model Metrics
MAE: 3.4725589888436454
MSE: 23.5858985185687
EVS: -0.0857432710885837
