Model Metrics
MAE: 3.128956508636475
MSE: 21.114882943359117
EVS: 0.06083068845043671
