Model Metrics
MAE: 3.6657691955566407
MSE: 21.341077409085017
EVS: 0.383472231689698
