Model Metrics
MAE: 5.243292113712855
MSE: 42.713387592577334
EVS: 0.33932756264825326
