Model Metrics
MAE: 3.6267985207693916
MSE: 16.97125880588281
EVS: 0.21573215629090536
