Model Metrics
MAE: 3.072652953011649
MSE: 13.710034641884885
EVS: 0.2961230473158798
