Model Metrics
MAE: 4.707042687279838
MSE: 27.631335093649778
EVS: -0.14058204726379753
